1.3000655202330023
1.0854818702175997
1.0525016700444014
1.0300604832777078
0.9897086784459542
0.983820471426715
0.9677036745824675
0.9446774025758108
0.9304384453141171
0.9263630771766538
0.9228899540460628
0.9026223995547363
0.8878891877290132
0.8822651644763739
0.8824612455091615
0.8629955469050269
0.8633591499233592
0.8526162396090619
0.848221108533334
0.8470396801181461
0.8450080007314682
0.8446128394292749
0.8293877265591553
0.8282602069818455
0.8310187084303386
0.8192155650560407
0.8258976607003073
0.8212986795798592
0.8111651943645616
0.8082879456704941
0.8018385352215905
0.8019773537913958
0.799544677246308
0.7949634903798932
0.7918929507335027
0.7823362575061079
0.7860852449700453
0.7833962990106016
0.7813519291255785
0.7757792211529138
0.7827887300779854
0.7688208765525749
0.7638817578554153
0.7755215250063634
0.7499521544230157
0.753096127855605
0.7514409151846084
0.7607366114422895
0.7504231658750686
0.7367664001126221
0.7407191084778827
0.750623662294685
0.7301451191306114
0.7272905859610309
0.7392663945970328
0.7261748463995215
0.7232120141818903
0.7192339558100355
0.7244654511627944
0.7292463041949964
0.7227084390495134
0.7169623981783355
0.7160800213831059
0.7168023259095524
0.7190760099801464
0.7129712369346964
0.7079231594351755
0.7044098400983257
0.7038605145138243
0.7031671781686769
0.7043915859599045
0.694848487774531
0.700265856432742
0.698174002053945
0.6899964625852696
0.6924410468858221
0.6895734555479409
0.692651226684667
0.6853291927904323
0.6902883541972741
0.6855035587821318
0.6823801585081695
0.6810842869074448
0.6829634811999141
0.6687974995677022
0.6649810926637788
0.6732871054091315
0.6704316301190335
0.6725235831910286
0.6683494998277097
0.6618285211532012
0.6597169262991436
0.6636425684327665
0.659656710922718
0.655950929051724
0.6604628528373829
0.6473126123132913
0.6582745200266009
0.6501193193421848
0.6544277495232181
0.6467022087047065
0.6444866000742152
0.6429089810969173
0.6383962684135506
0.6479889886534732
0.6420502840824749
0.6382556084705435
0.6348935729567555
0.6339474310153637
0.6368058483129826
0.6350975570039473
0.6300539278249809
0.6292056211850782
0.632334232006384
0.6287476608286733
0.631819811474154
0.6245719136103339
0.62500323527965
0.618359342109466
0.6275500289123991
0.6226928907891979
0.6260483024128969
0.6186849421997002
0.6195370119766913
0.621149986334469
0.6165742245705231
0.6249939547716707
0.6090269429960112
0.6143699291607608
0.6185056220578111
0.6201304342003836
0.6159133306987907
0.6135034024499465
0.6120944773589355
0.612439437188964
0.6126120793970599
0.6102343255087085
0.6078078420697779
0.604695926433888
0.608340932191282
0.5961623271738273
0.6044255711030269
0.60698859139845
0.6030418309180633
0.6037694433892983
0.6112828041440335
0.5999293926077477
0.6034842638865762
0.59938468757099
0.600586383563021
0.5966652046511138
0.5888805935780207
0.5980433591681978
0.5911815228021663
0.5880296624441078
0.5909857369851375
0.5908004322993583
0.5884280756007934
0.5892262262278709
0.5847071316363155
0.5819713862045951
0.5816388491379179
0.5832242747579796
0.5793131976995779
0.5822255485083746
0.5799296297456907
0.574335291225841
0.5803489618111348
0.577660410300545
0.5838643654749014
0.574502496831659
0.5747606189570565
0.5723397777132366
0.5779166798228803
0.5799320488088373
0.574795994637669
0.56972525479353
0.5719266355685566
0.5659472801979037
0.5703148495243944
0.5745487405338149
0.5769757056149883
0.5669035982826481
0.5713930003129054
0.5720100673860398
0.567130071853382
0.5717879385835882
0.57230110892999
0.5749393483434898
0.5594575216696747
0.563754611581132
0.5672335824456768
0.5580161711120087
0.5694417106932488
0.5661400116548159
0.5565318513823592
0.5648458857035291
0.5717506651105224
0.5616600274823714
0.5598189372947251
0.5602938821674257
0.5589280344437861
0.5550099028193433
0.5577045831883299
0.5533652526960857
0.5529802342255911
0.559144697651483
0.5537577812438426
0.557391382753849
0.5553919850052267
0.5536077969532082
0.5567435397618059
0.5566503333224766
0.5449084613634192
0.5532514820604221
0.5586237159112225
0.5541267297838045
0.5572144215305647
0.5496939928203389
0.5500957874068315
0.5553894217355527
0.5482845155765181
0.5479218565683434
0.5474851208104603
0.5494087301734565
0.54971351577104
0.5464793101924917
0.5451863032320271
0.555178383824186
0.5467717182701048
0.5427079181308332
0.5496586413811082
0.5455854097786157
0.543856556918742
0.5502678758424261
0.5323086269199848
0.5392004297911257
0.545181654555642
0.5393621337370597
0.5444350743099399
0.5346995131045148
0.5416941035376943
0.547570408416399
0.5416995716699655
0.5361312284957671
0.5420534818068795
0.5401041851095532
0.5403097106710725
0.5412617976898733
0.5365855613912361
0.5455641240637371
0.5363716033381828
0.5366452700202016
0.5394463462458141
0.5370637423534325
0.5396193014862745
0.544735009363596
0.530590459164502
0.5385791499005712
0.5289700899975024
0.5378834566344386
0.5364529547699983
0.5366574885404628
0.5352002954569416
0.5345952680901341
0.5347840385376543
0.5411037296812603
0.5305902018495228
0.5367874237506286
0.5346341585011586
0.5298926358961541
0.5359849529205889
0.5331333036655965
0.5343937986678835
0.5360876529653004
0.5295978822353957
0.5328973645101422
0.5331478436356005
0.5326513739815657
0.531586453480565
0.5339623590850312
0.5346414735135825
0.5345646648303323
0.5252016299552675
0.5185311183981274
0.5295234552004199
0.5289868177387161
0.5273488114277521
0.5294702257691086
0.5350424110133579
0.5242566910666832
0.5235183506772139
0.531472697476114
0.5243128383721131
0.5224657530585924
0.5298000015318394
0.5309029132181752
0.5332176189707674
0.5301907432899959
0.5284358935187692
0.528971507443466
0.5234650210949822
0.5286012258434641
0.52923415509471
0.5324170498744302
0.5240929382650749
0.529707401343014
0.526494152304055
0.523846781556157
0.5321619852405527
0.5273982220045899
0.5246556761904039
0.5264138873072638
0.5280170172884844
0.5305958962526874
0.5300945544588394
0.5240197583385136
0.5201619676165823
0.5261151609213456
0.5209775791112063
0.5213235572952292
0.5201488939532335
0.5243221891747005
0.5211793957413107
0.5207909353185391
0.5216693945121074
0.5181666985154152
0.5183941051363945
0.5232574366896913
0.5209480475472368
0.5173591116200322
0.526008731564102
0.5210355759422848
0.5181060134284738
0.5203330834274706
0.521528559912374
0.5181649598846401
0.515539054799339
0.5208708589923554
0.5192189488182033
0.5143659404762413
0.5190516184421553
0.5121783548291179
0.5226674566342346
0.5148639765338622
0.5195001866398514
0.5178668721430544
0.5189544401954913
0.5225455264250437
0.5185952363130839
0.5168299143189106
0.517863288251818
0.5174837098929329
0.5141979380362276
0.5171651812675206
0.5157977974825148
0.5189097415169944
0.5201037871124952
0.5190477278353511
0.5227305204540059
0.5141088049048963
0.5170990049407103
0.5203450765946637
0.5176475217052992
0.511694200174964
0.5175422086123971
0.5180267171151396
0.5135344619444315
0.516375836794791
0.5161152772497439
0.5111825835445652
0.5160470637830271
0.5172730696158133
0.5171715268946212
0.5168028753520786
0.5144537866547487
0.5128645043874133
0.5157296597093776
0.5107935616287632
0.5095011296587578
0.5136239044908164
0.5167870443800221
0.5183980536201725
0.5154266622511373
0.5149662462265595
0.5106025715561017
0.5119952820241451
0.5145465780751429
0.5103971195285735
0.5111536628742149
0.5133514280120531
0.514312061926593
0.5038129165228726
0.5111464976292589
0.5127648778151774
0.5144406266078569
0.5105584362062855
0.5120633836781633
0.5089856668011002
0.5137031063221503
0.5114007655369199
0.5138159182084643
0.5098856296120347
0.5214126126813716
0.5077173404827497
0.5130611035055008
0.5101427804084792
0.5063049617776836
0.5161249217023884
0.5095638863310434
0.5077203451723292
0.5088163335146247
0.513006078430276
0.5095629693157431
0.5114768748374089
0.5108633949488833
0.5142920426484467
0.5114147356454877
0.5089378509724486
0.5182575194732003
0.502806828505751
0.5093736031997032
0.5131290776358135
0.5099750749658847
0.5099266656822916
0.5157017477288626
0.5111835206980291
0.5115676777086396
0.5120305119865183
0.5090866947303647
0.5110566966991493
0.5100232323874598
0.5066245794836162
0.5031033973007099
0.5085603865268438
0.5036566398389961
0.5089398379559102
0.5046155751831289
0.5055422372036222
0.5152703083619692
0.5112293710851151
0.5123697917206563
0.5058479351194008
0.5116865465930407
0.5061019263297751
0.5081711346688478
0.499068929017454
0.509398690600326
0.5060855066538721
0.5053023934580277
0.5111769176479699
0.5080009352793728
0.5027476756469064
0.508689443540314
0.5097417455652485
0.508477580126213
0.5083602578851624
0.5084053064709988
0.5007184817847135
0.5041280076231646
0.5051256450621978
0.5041352579559105
0.5028435837315477
0.5054364997515643
0.5014742209535578
0.5105951265364453
0.5057445902215398
0.5036795188983282
0.5055038750819538
0.5038425063417442
0.50543457188684
0.5077612243484759
0.5045239129036233
0.5019179417927196
0.5001443801042826
0.4982038532262263
0.5038785126762114
0.5045311406686686
0.5013140954509161
0.5005121007561684
0.5006299498828425
0.5028370311618715
0.5058999822839446
0.5046984482070674
0.5086281869722449
0.506511310790328
0.506710796792438
0.5024199762206146
0.5021664368501608
0.5027871703648049
0.5019162112064119
0.503605459695277
0.5077908932082895
0.5031200609021429
0.5043522748502268
0.5010893913390844
0.5069287981352081
0.5067463619769483
0.5075755804453207
0.5029298989777116
0.49951519066656846
0.5065098342796167
0.5027112695186035
0.5017406989590846
0.5064494818233062
0.5007005082848279
0.5003789994811666
0.502211848894755
0.5056211636874123
0.5038068227577901
0.5047604423826155
0.5022391226628552
0.5029394195239613
0.5034446698222039
0.5053729868453481
0.5031777738013129
0.5032427424322004
0.502034283094648
0.5000605857458668
0.4970422461089017
0.5014114670887373
0.49935025543622347
0.49406592483105866
0.49664140082355857
0.4974727800682835
0.49740498383408005
0.49981248907852865
0.4986391579327376
0.5019497669477394
0.5021415418688802
0.5037264521031276
0.5058683890147485
0.4986457439760367
0.5017545723720737
0.5054014204204946
0.5028075656273227
0.49899861853623734
0.49923556211633957
0.500891952060055
0.5007064534702163
0.50264963750606
0.5061740016267784
0.4974411738415559
0.5020482682663462
0.4942856110848378
0.5002755046538685
0.5020008275582306
0.49270998044074443
0.5000341768390026
0.497316791743472
0.4959055456886257
0.496986198036567
0.4996792589840682
0.5016844476694646
0.5026778191651987
0.5009931652010351
0.50160360660242
0.49763544227765955
0.49857526947406755
0.49915458386143047
0.5024144030783487
0.500477797365275
0.49847651996474335
0.4993223768213521
0.49490996520372404
0.4998846547543139
0.5075074196725652
0.49927281296771503
0.5014139604957207
0.5025414989154408
0.49815570595471753
0.4980191638612229
0.49689150941760646
0.5009355488894642
0.4971323633107586
0.49899694631281105
0.4954291358050229
0.49918269301238266
0.5027680595715841
0.4963447855974453
0.5002676079562609
0.49725574954156426
0.4996327554294165
0.49587755844644876
0.4960907114588696
0.49598026707552484
0.49879860694425693
0.5019406114259491
0.4946874464875546
0.502110284415708
0.4936553473057954
0.49418029907173006
0.49955929891354794
0.4958065430215303
0.4974336257015449
0.4976010130367417
0.4954078983569491
0.4934266202043796
0.4938729678591092
0.4941080060881981
0.4939364955585072
0.4960852555822635
0.4929249002125816
0.48690180793620536
0.49818745023314503
0.49296869704688806
0.4911431546552458
0.49637927401109017
0.49385133569223294
0.49178649630883464
0.4927676171604274
0.4964376337070396
0.49682190776735113
0.4968532562471818
0.4932618242135082
0.49608897558156995
0.4899814829662226
0.4948762331319892
0.4902694710138915
0.4940075374383857
0.49701730928559235
0.49268422715797805
0.4949424361297186
0.49380408297630324
0.49656046165720275
0.4961889625351498
0.49756774090338446
0.494096994292045
0.4940508396729179
0.49008313982167107
0.4989985444623491
0.49869674174250034
0.49132708082164545
0.4935319796204567
0.4925173501605573
0.4965490548722986
0.4937142210378163
0.48906441961509595
0.4926387406885624
0.4883424288228802
0.49647989334619563
0.486503875773886
0.4927282906204894
0.49217636613310245
0.4945209991672765
0.489077332875003
0.4951305561091589
0.496754236087419
0.49303419871822646
0.4912828448889912
0.49641745461933856
