1.1808540635350822
1.0180416467829028
0.9802551902290704
0.9557159419940866
0.9338204780782479
0.9133670790039975
0.9158382523750913
0.909731895595357
0.8957685486993928
0.8914135445071303
0.8860462818672692
0.8779455394200657
0.8578415216095205
0.856227018263029
0.8396540314391039
0.8264489042154257
0.8053155469073765
0.790360738509807
0.7658161222934723
0.7514644356957381
0.7521777407846589
0.7457482754320338
0.7357842969721642
0.7356579823122509
0.7313643179941869
0.7137924153087796
0.7125822662011437
0.711580953952195
0.7010639069088991
0.7063678697399471
0.7117752838825834
0.7056456782679627
0.6943128236393997
0.6926552366087402
0.6948684142983478
0.6910279168598894
0.6790691523448281
0.6888346537083819
0.6831022463199021
0.6791691523639188
0.687400306912436
0.6841448091942331
0.6799746767982192
0.6804286880229694
0.6686042855507222
0.6626742079422094
0.6684015154622603
0.6575565537896709
0.6649635280819907
0.6633237111179725
0.6605459355573723
0.6649950862578724
0.646071320210678
0.6629051290776419
0.6632425761309223
0.6536110376102336
0.650599468121494
0.6505589050011359
0.6496959833995156
0.651106137836325
0.6487436076437217
0.6375546701576399
0.6409836241948432
0.6470579794351605
0.6459355279803276
0.6608172163799189
0.6540473812948102
0.642390406973984
0.647608743197676
0.6463082037542177
0.6445978605660839
0.6400763234798459
0.648987840483154
0.645018658236317
0.6455253161813902
0.6418281637024188
0.6433592413862547
0.6480312163847081
0.6336787214529687
0.6428425125237824
0.6460802209010159
0.6427053914985795
0.6357109681635663
0.6408636820489082
0.6309446991569754
0.6396182833806329
0.6389231240187866
0.6392392965330593
0.6455852855806765
0.6514604252533637
0.6448812679104183
0.650952970204146
0.6514433433936127
0.6433274314023446
0.6355612135451773
0.6459714093286059
0.6404436091366021
0.635490871425988
0.6346964920884457
0.637578294760939
0.6396300247397976
0.6446502606074015
0.6430729169776475
0.645849938193957
0.6376422951402871
0.6278590360737365
0.6398054611855659
0.6438543700437614
0.6358367762919785
0.6316972188651562
0.6366288645759873
0.6278757056680279
0.6247222322052803
0.6261695006835288
0.6178274744230768
0.634498598890892
0.6143357843376588
0.6200671598747156
0.6254995963063793
0.6278992706666822
0.628102099010046
0.6228680366623229
0.6247478936245476
0.6289055307490238
0.6239326691821866
0.6180638872842857
0.6170571221281653
0.6252842402976492
0.6292268973977669
0.6179233062742413
0.6245216527494831
0.6223924082258473
0.6250457296120948
0.6305217745619408
0.6345156046791353
0.636746052922546
0.6345689742677454
0.633445112493591
0.6378182841167934
0.6254133674977482
0.6221870573750441
0.6326831555992797
0.6264179381339446
0.6183580787501474
0.6252522359507672
0.6250178447884062
0.6235825477734857
0.6226863493953926
0.623392774467019
0.6288065831514372
0.6179112492912058
0.618723277380501
0.6247511492043302
0.6195167194566001
0.6156289860390235
0.6163515062003896
0.6129637067948562
0.6193754184937131
0.6065208338524984
0.6107234867370647
0.6131646958166275
0.6130407627509988
0.617627827639597
0.6180316968348579
0.6129304007559583
0.6129501586159071
0.6136500186462334
0.6213428217215814
0.6216210318540317
0.6208642514935439
0.6276990845259549
0.6217604849649512
0.6238761105831119
0.6217737308014994
0.6222453165961348
0.6190457261990809
0.6297195501949476
0.6262463400329369
0.6194791378102441
0.6224383622731852
0.6226390580768171
0.6257372805173846
0.6190519356641216
0.6119235514838627
0.6178352061821066
0.6203575084606806
0.6116489309115686
0.621014385011749
0.6146393843211125
0.6198354470341102
0.6188235130646954
0.6185910073311432
0.6110669304279314
0.6186942143932633
0.6275300241034963
0.6226579023228176
0.6154702695599501
0.6165177423129047
0.614705015891704
0.624096955564143
0.61955317908871
0.6223828078827996
0.6207757614876913
0.6242170345740042
0.6294903659086296
0.6231359495524911
0.625044370043105
0.62289531291395
0.6158684689173664
0.6208556344111761
0.6204809995665066
0.6174194094711456
0.6119637779243614
0.6143958906548611
0.6187546972347342
0.6201310481174268
0.6165824870484463
0.6177979986844719
0.6161201304715612
0.6040604880106621
0.6138775160779124
0.602687598840482
0.621919292686642
0.6089822791948698
0.6066037928280623
0.6212638623040655
0.6168588543499726
0.6173819653365923
0.6171556683122248
0.610215853197851
0.6138569915640182
0.6182690819968348
0.61477774867545
0.6164717363274616
0.6215169442736584
0.6089806082671967
0.6120788719559062
0.6142672623197237
0.6051183023314545
0.6187479428515055
0.6180147359120673
0.6137855374726696
0.6116864203974821
0.621937918274299
0.6107413581963899
0.6135240180984788
0.6146942750699278
0.6150509540153586
0.6134091057423232
0.619053242755109
0.6211002746569938
0.6169721494442311
0.6128630061512408
0.6130035812224167
0.6164029363704764
0.6148669193836226
0.6081493559522905
0.6153422128679096
0.6148360495766004
0.6071884000430936
0.6105987287085989
0.6145813929429953
0.6055527803474579
0.6062388575595358
0.6078809231951616
0.6045858969075092
0.609801276654437
0.6090492764892785
0.616456001241138
0.6078351472598919
0.6085343553644159
0.6075608682805214
0.6139857385685479
0.6102833178812179
0.6119613257115302
0.613130836599115
0.6167215154762717
0.6156656572568244
0.6157626508586649
0.6185697364634362
0.621321584759415
0.6171301252384117
0.6082214267681474
0.613237538739391
0.6140683175645013
0.6042817110816637
0.6108805081550626
0.6128475734073183
0.605962067194607
0.610079294529514
0.5997828937311104
0.6105869013978087
0.6093565967419873
0.6096191693475281
0.6091892842365347
0.6120883621599363
0.6134138650436333
0.6145756572916887
0.6081756567177565
0.6046811046915642
0.6038729097100272
0.6103999651428582
0.6028607710116152
0.6200779497191526
0.5969060169181962
0.6074109175714894
0.6131010177558747
0.6136920526623726
0.6137642790225969
0.6007431412952534
0.6033983295378478
0.6133808370517648
0.6146035755890004
0.6129292187051497
0.6068243391919828
0.6058392397303513
0.6083522745664569
0.6037985469768012
0.601014227538869
0.6006848083242126
0.6015418374344058
0.6023916619411414
0.604384600252345
0.6079109657717787
0.6070799579222997
0.607735450932945
0.6023949810128281
0.6038127482153367
0.6076762147139811
0.6105631877114808
0.610196515917778
0.6080704577591108
0.6068405363762724
0.6123495216926803
0.6087435984417148
0.6084001106412514
0.6115309047526207
0.6090889975860498
0.6029126515639001
0.6072828837710879
0.6074035027860731
0.6068502105232598
0.6105019208853659
0.6060411315681278
0.6071907986981281
0.6041872328606205
0.6161654089456019
0.6069862810165986
0.5990957829399385
0.6097455414524977
0.6045878631049308
0.6046702693877877
0.6078437646661979
0.6094843618895697
0.6003787446281185
0.5987836553350739
0.595656298154938
0.6062634555973868
0.6095387214875739
0.6068511886009271
0.603634536806224
0.6076971614274426
0.6068523876045061
0.6059738993104817
0.604698876755825
0.6081453285355499
0.5949384801197743
0.6059057318969913
0.5991747597421425
0.607068706465804
0.5971068556326024
0.6038753809812276
0.60106704859198
0.5999687306474948
0.605265331171129
0.5987664853101191
0.5945743927057239
0.6045677205142768
0.6140629030440165
0.6031041853669761
0.5999547176171041
0.6021643258847188
0.5933677629716154
0.6086619459632514
0.6085311044817385
0.6015162941986236
0.6036356008895065
0.599366019277469
0.6064114664559779
0.6044343529080135
0.6082053568376147
0.6014312719521315
0.601114825602027
0.6059768988170485
0.6110260557869206
0.5974068008903144
0.6080929545172746
0.6037530096760695
0.6018735547212587
0.6018966112447821
0.5984437904064206
0.6015081262566905
0.5995312332027201
0.5991335209944973
0.6072574827982031
0.591322210603866
0.6017223119303801
0.594714156743409
0.5975157221158346
0.6011820110505905
0.6011830350735049
0.6013039996226629
0.6017380444251973
0.5989298059240632
0.6022935508601908
0.6037072753128798
0.6113794760211654
0.6048499807931375
0.6013489316986955
0.6028550482098607
0.602228506643703
0.5976608627732249
0.5979845410995726
0.5956134822057642
0.6031160090064657
0.5972241371114185
0.6054596060859985
0.603027600525082
0.6067318049785884
0.5945280871853449
0.6022220821916193
0.6019180860856305
0.6075244534058847
0.5981530551461206
0.5935057351986567
0.5933299629368644
0.5955609205192414
0.5913049240691074
0.598751955004274
0.6000142897600713
0.605833287148372
0.5916176807081354
0.6009292274821496
0.594541408661483
0.5985542127619619
0.6068596359936224
0.6024195000097372
0.5956246851794962
0.5949169354162355
0.5959507816511652
0.5982202673735826
0.6009834944877935
0.5998376351983651
0.5934016354705977
0.5996893530954486
0.5959487895926704
0.6057456056924834
0.5959181055642556
0.5974585876624653
0.6066199772167897
0.5984223486612672
0.606095703723638
0.6036258996396825
0.6033651533442131
0.5964658085418784
0.611193488581457
0.6012667567617651
0.5951268273959125
0.5987796636055345
0.5985448274059572
0.6024079379504141
0.6046839424449465
0.597268283367157
0.5987467081218526
0.5961435230961745
0.594418376846158
0.5970280173680057
0.5975346657029097
0.5977865138455577
0.5941347551086674
0.5946810305982396
0.596237172143183
0.5909470374817434
0.5912510859577552
0.5958892423389615
0.5947029821682668
0.597892442961102
0.5884802864081617
0.5919792656989201
0.5953540492100992
0.5954338587496592
0.5991981506779573
0.5960512463597284
0.6029619228472745
0.5930508120876291
0.6021026649336884
0.5943635207587394
0.6025067417194014
0.5955554722011953
0.5911673185402069
0.5965455429277559
0.5982051449085491
0.5985691830299903
0.5976554861535197
0.6000870591488437
0.6008989854135375
0.6023170402732448
0.5935602184331071
0.590700839092766
0.6077158626006998
0.5938016235612441
0.5956322632837987
0.5992722605773504
0.5961861881440964
0.590021970047467
0.6028483303776686
0.5965063763053521
0.5992510695064414
0.590594093112842
0.5910193577840708
0.5995035676312619
0.5966170697432497
0.5996136900739394
0.6002638333517573
0.5968003744880358
0.5964454227815503
0.5936016956533211
0.5985894471514916
0.5956172181860261
0.594103541603123
0.5918634188347969
0.5958664378394252
